Finance Emails
169285,
166992,
168223,
143083,
168224,
165625,
168221,
166993,
168211,
168213

Onboarding Emails
140316,
140330,
140332,
140333

Demand Gen Emails
173068,
173069,
173070,
173071,
173073,
173074,
172995,
172999,
173000,
173014,
173015,
173017,
173023,
173026,
173044,
173048,
173056,
173057,
173058,
173061,
173062,
173066,
166119,
166120,
166121,
166122,
166123,
166124,
185090,
185107,
185109,
185348,
185350,
185493,
185494,
185496


Freemium
166119,
166120,
166121,
166122,
166123,
166124,
166099,
185090,
185107,
185109,
185348,
185350,
185493,
185494,
185496